Log file for training of Model_SDP_Conv_Residual_SingleTel_NoPool_JustTheta 
Start Time: 2025-05-05 14:59:50 
End   Time: 2025-05-05 15:25:57 

Training Parameters: 
    LR : 1e-05 
    epochs : 25 
    BatchSize : 64 
    accumulation_steps : 1 
    epoch_done : 0 
    batchBreak : 1e+99 
    ValLossIncreasePatience : 5 
    Optimiser : Adam 

Model Parameters: 
    in_main_channels : (1,) 
    in_node_channels : 5 
    in_edge_channels : 2 
    in_aux_channels : 2 
    N_kernels : 16 
    N_heads : 16 
    N_dense_nodes : 128 
    N_LSTM_nodes : 64 
    N_LSTM_layers : 5 
    kernel_size : 10 
    conv2d_init_type : normal 
    model_Dropout : 0.2 

Training Log: 
    Training Exit Reason: Val Loss Increasing 

    Final Losses: 
        Total : 0.8030646556575243 
        SDPTheta : 0.21033439630142445 
        SDPPhi : 0.5927302582544576 
    Final Validation Losses: 
        Total : 0.7912228107452393 
        SDPTheta : 0.19591252505779266 
        SDPPhi : 0.5953102707862854 
    Final Metrics: 
        SDPTheta : 0.5397971868515015 
        SDPPhi : 1.2116607427597046 

