Log file for training of Model_SDP_Conv3d_JustPhi 
Start Time: 2025-05-26 15:27:52 
End   Time: 2025-05-26 17:01:17 

Training Parameters: 
    LR : 0.0001 
    epochs : 5 
    BatchSize : 64 
    accumulation_steps : 1 
    epoch_done : 0 
    batchBreak : 1e+99 
    ValLossIncreasePatience : 5 
    Optimiser : Adam 

Model Parameters: 
    in_main_channels : (1,) 
    in_node_channels : 5 
    in_edge_channels : 2 
    in_aux_channels : 0 
    N_kernels : 16 
    N_heads : 16 
    N_dense_nodes : 64 
    N_LSTM_nodes : 64 
    N_LSTM_layers : 5 
    kernel_size : 10 
    conv2d_init_type : normal 
    model_Dropout : 0.2 

Training Log: 
    Training Exit Reason: Reached Final Epoch 

    Final Losses: 
        Total : 0.8452047405307859 
        SDPTheta : 0.25738087050790687 
        SDPPhi : 0.5878238696604967 
    Final Validation Losses: 
        Total : 0.8477847576141357 
        SDPTheta : 0.25647178292274475 
        SDPPhi : 0.5913130044937134 
    Final Metrics: 
        SDPTheta : 0.6408279538154602 
        SDPPhi : 1.203739047050476 

