Log file for training of Model_SDP_Conv3d_JustTheta 
Start Time: 2025-05-26 13:57:33 
End   Time: 2025-05-26 15:27:52 

Training Parameters: 
    LR : 0.0001 
    epochs : 5 
    BatchSize : 64 
    accumulation_steps : 1 
    epoch_done : 0 
    batchBreak : 1e+99 
    ValLossIncreasePatience : 5 
    Optimiser : Adam 

Model Parameters: 
    in_main_channels : (1,) 
    in_node_channels : 5 
    in_edge_channels : 2 
    in_aux_channels : 0 
    N_kernels : 16 
    N_heads : 16 
    N_dense_nodes : 64 
    N_LSTM_nodes : 64 
    N_LSTM_layers : 5 
    kernel_size : 10 
    conv2d_init_type : normal 
    model_Dropout : 0.2 

Training Log: 
    Training Exit Reason: Reached Final Epoch 

    Final Losses: 
        Total : 0.6989072059002136 
        SDPTheta : 0.10618590026303894 
        SDPPhi : 0.5927213053454569 
    Final Validation Losses: 
        Total : 0.7027229070663452 
        SDPTheta : 0.10741268843412399 
        SDPPhi : 0.5953102111816406 
    Final Metrics: 
        SDPTheta : 0.3106648623943329 
        SDPPhi : 1.2116607427597046 

